  0.113726E-04  0.207800E+08  0.207800E+08  0.276886E+08  0.276885E+08  0.000000E+00  0.207800E+08
  0.125686E-04  0.207800E+08  0.207800E+08  0.276845E+08  0.276845E+08  0.000000E+00  0.207800E+08
  0.138905E-04  0.207800E+08  0.207800E+08  0.276796E+08  0.276796E+08  0.000000E+00  0.207800E+08
  0.153514E-04  0.207800E+08  0.207800E+08  0.276736E+08  0.276736E+08  0.000000E+00  0.207800E+08
  0.169659E-04  0.207800E+08  0.207800E+08  0.276663E+08  0.276662E+08  0.000000E+00  0.207800E+08
  0.187502E-04  0.207800E+08  0.207800E+08  0.276573E+08  0.276573E+08  0.000000E+00  0.207800E+08
  0.207222E-04  0.207799E+08  0.207799E+08  0.276464E+08  0.276463E+08  0.000000E+00  0.207799E+08
  0.229016E-04  0.207799E+08  0.207799E+08  0.276331E+08  0.276330E+08  0.000000E+00  0.207799E+08
  0.253102E-04  0.207799E+08  0.207799E+08  0.276168E+08  0.276167E+08  0.000000E+00  0.207799E+08
  0.279720E-04  0.207798E+08  0.207798E+08  0.275969E+08  0.275968E+08  0.000000E+00  0.207798E+08
  0.309139E-04  0.207798E+08  0.207798E+08  0.275727E+08  0.275725E+08  0.000000E+00  0.207798E+08
  0.341651E-04  0.207797E+08  0.207797E+08  0.275431E+08  0.275428E+08  0.000000E+00  0.207797E+08
  0.377583E-04  0.207796E+08  0.207796E+08  0.275069E+08  0.275066E+08  0.000000E+00  0.207796E+08
  0.417294E-04  0.207796E+08  0.207796E+08  0.274629E+08  0.274625E+08  0.000000E+00  0.207796E+08
  0.461181E-04  0.207795E+08  0.207795E+08  0.274092E+08  0.274087E+08  0.000000E+00  0.207795E+08
  0.509684E-04  0.207793E+08  0.207793E+08  0.273437E+08  0.273431E+08  0.000000E+00  0.207793E+08
  0.563288E-04  0.207792E+08  0.207792E+08  0.272639E+08  0.272632E+08  0.000000E+00  0.207792E+08
  0.622529E-04  0.207790E+08  0.207790E+08  0.271667E+08  0.271659E+08  0.000000E+00  0.207790E+08
  0.688001E-04  0.207787E+08  0.207787E+08  0.270484E+08  0.270475E+08  0.000000E+00  0.207787E+08
  0.760359E-04  0.207784E+08  0.207784E+08  0.269046E+08  0.269034E+08  0.000000E+00  0.207784E+08
  0.840327E-04  0.207781E+08  0.207781E+08  0.267299E+08  0.267285E+08  0.000000E+00  0.207781E+08
  0.928705E-04  0.207776E+08  0.207776E+08  0.265179E+08  0.265162E+08  0.000000E+00  0.207776E+08
  0.102638E-03  0.207771E+08  0.207771E+08  0.262611E+08  0.262590E+08  0.000000E+00  0.207771E+08
  0.113432E-03  0.207764E+08  0.207764E+08  0.259504E+08  0.259479E+08  0.000000E+00  0.207764E+08
  0.125362E-03  0.207757E+08  0.207756E+08  0.255756E+08  0.255726E+08  0.000000E+00  0.207757E+08
  0.138546E-03  0.207747E+08  0.207747E+08  0.251244E+08  0.251208E+08  0.000000E+00  0.207747E+08
  0.153117E-03  0.207735E+08  0.207735E+08  0.245832E+08  0.245789E+08  0.000000E+00  0.207735E+08
  0.169221E-03  0.207721E+08  0.207721E+08  0.239366E+08  0.239315E+08  0.000000E+00  0.207721E+08
  0.187018E-03  0.207703E+08  0.207703E+08  0.231680E+08  0.231620E+08  0.000000E+00  0.207703E+08
  0.206687E-03  0.207682E+08  0.207682E+08  0.222598E+08  0.222529E+08  0.000000E+00  0.207682E+08
  0.228424E-03  0.207656E+08  0.207656E+08  0.211949E+08  0.211868E+08  0.000000E+00  0.207656E+08
  0.252448E-03  0.207625E+08  0.207625E+08  0.199577E+08  0.199485E+08  0.000000E+00  0.207625E+08
  0.278998E-03  0.207587E+08  0.207587E+08  0.185369E+08  0.185266E+08  0.000000E+00  0.207587E+08
  0.308341E-03  0.207541E+08  0.207541E+08  0.169284E+08  0.169171E+08  0.000000E+00  0.207541E+08
  0.340769E-03  0.207485E+08  0.207485E+08  0.151398E+08  0.151277E+08  0.000000E+00  0.207485E+08
  0.376608E-03  0.207418E+08  0.207418E+08  0.131949E+08  0.131824E+08  0.000000E+00  0.207418E+08
  0.416217E-03  0.207338E+08  0.207337E+08  0.111391E+08  0.111268E+08  0.000000E+00  0.207337E+08
  0.459990E-03  0.207241E+08  0.207241E+08  0.904318E+07  0.903184E+07  0.000000E+00  0.207241E+08
  0.508368E-03  0.207125E+08  0.207125E+08  0.700338E+07  0.699385E+07  0.000000E+00  0.207125E+08
  0.561833E-03  0.206988E+08  0.206988E+08  0.513556E+07  0.512870E+07  0.000000E+00  0.206988E+08
  0.620922E-03  0.206825E+08  0.206824E+08  0.355906E+07  0.355550E+07  0.000000E+00  0.206825E+08
  0.686225E-03  0.206632E+08  0.206632E+08  0.236955E+07  0.236939E+07  0.000000E+00  0.206632E+08
  0.758396E-03  0.206406E+08  0.206406E+08  0.160400E+07  0.160664E+07  0.000000E+00  0.206406E+08
  0.838157E-03  0.206142E+08  0.206141E+08  0.121085E+07  0.121497E+07  0.000000E+00  0.206141E+08
  0.926307E-03  0.205833E+08  0.205832E+08  0.104771E+07  0.105173E+07  0.000000E+00  0.205833E+08
  0.102373E-02  0.205475E+08  0.205474E+08  0.929728E+06  0.932588E+06  0.000000E+00  0.205475E+08
  0.113139E-02  0.205061E+08  0.205059E+08  0.726380E+06  0.728217E+06  0.000000E+00  0.205060E+08
  0.125038E-02  0.204583E+08  0.204581E+08  0.449439E+06  0.451177E+06  0.000000E+00  0.204583E+08
  0.138189E-02  0.204034E+08  0.204032E+08  0.231986E+06  0.233740E+06  0.000000E+00  0.204034E+08
  0.152722E-02  0.203404E+08  0.203401E+08  0.164859E+06  0.165015E+06  0.000000E+00  0.203404E+08
  0.168784E-02  0.202685E+08  0.202681E+08  0.000000E+00  0.000000E+00  0.000000E+00  0.202684E+08
  0.186535E-02  0.201864E+08  0.201860E+08  0.000000E+00  0.000000E+00  0.000000E+00  0.201864E+08
  0.206153E-02  0.200932E+08  0.200927E+08  0.000000E+00  0.000000E+00  0.000000E+00  0.200932E+08
  0.227835E-02  0.199877E+08  0.199870E+08  0.000000E+00  0.000000E+00  0.000000E+00  0.199876E+08
  0.251796E-02  0.198684E+08  0.198677E+08  0.000000E+00  0.000000E+00  0.000000E+00  0.198683E+08
  0.278278E-02  0.197342E+08  0.197333E+08  0.000000E+00  0.000000E+00  0.000000E+00  0.197341E+08
  0.307545E-02  0.195837E+08  0.195825E+08  0.000000E+00  0.000000E+00  0.000000E+00  0.195835E+08
  0.339890E-02  0.194152E+08  0.194139E+08  0.000000E+00  0.000000E+00  0.000000E+00  0.194150E+08
  0.375636E-02  0.192275E+08  0.192259E+08  0.000000E+00  0.000000E+00  0.000000E+00  0.192273E+08
  0.415142E-02  0.190190E+08  0.190170E+08  0.000000E+00  0.000000E+00  0.000000E+00  0.190187E+08
  0.458803E-02  0.187881E+08  0.187857E+08  0.000000E+00  0.000000E+00  0.000000E+00  0.187877E+08
  0.507055E-02  0.185334E+08  0.185304E+08  0.000000E+00  0.000000E+00  0.000000E+00  0.185329E+08
  0.560383E-02  0.182532E+08  0.182496E+08  0.000000E+00  0.000000E+00  0.000000E+00  0.182526E+08
  0.619319E-02  0.179460E+08  0.179417E+08  0.000000E+00  0.000000E+00  0.000000E+00  0.179453E+08
  0.684453E-02  0.176103E+08  0.176051E+08  0.000000E+00  0.000000E+00  0.000000E+00  0.176095E+08
  0.756438E-02  0.172446E+08  0.172384E+08  0.000000E+00  0.000000E+00  0.000000E+00  0.172436E+08
  0.835993E-02  0.168474E+08  0.168398E+08  0.000000E+00  0.000000E+00  0.000000E+00  0.168461E+08
  0.923916E-02  0.164171E+08  0.164081E+08  0.000000E+00  0.000000E+00  0.000000E+00  0.164156E+08
  0.102108E-01  0.159523E+08  0.159415E+08  0.000000E+00  0.000000E+00  0.000000E+00  0.159505E+08
  0.112847E-01  0.154515E+08  0.154387E+08  0.000000E+00  0.000000E+00  0.000000E+00  0.154494E+08
  0.124716E-01  0.149135E+08  0.148984E+08  0.000000E+00  0.000000E+00  0.000000E+00  0.149111E+08
  0.137832E-01  0.143372E+08  0.143194E+08  0.000000E+00  0.000000E+00  0.000000E+00  0.143343E+08
  0.152328E-01  0.137220E+08  0.137010E+08  0.000000E+00  0.000000E+00  0.000000E+00  0.137185E+08
  0.168348E-01  0.130677E+08  0.130433E+08  0.000000E+00  0.000000E+00  0.000000E+00  0.130637E+08
  0.186054E-01  0.124072E+08  0.123791E+08  0.000000E+00  0.000000E+00  0.000000E+00  0.124026E+08
  0.205621E-01  0.116866E+08  0.116545E+08  0.000000E+00  0.000000E+00  0.000000E+00  0.116814E+08
  0.227246E-01  0.109112E+08  0.108751E+08  0.000000E+00  0.000000E+00  0.000000E+00  0.109053E+08
  0.251146E-01  0.101330E+08  0.100929E+08  0.000000E+00  0.000000E+00  0.000000E+00  0.101264E+08
  0.277560E-01  0.935040E+07  0.930691E+07  0.000000E+00  0.000000E+00  0.000000E+00  0.934329E+07
  0.306751E-01  0.856002E+07  0.851394E+07  0.000000E+00  0.000000E+00  0.000000E+00  0.855249E+07
  0.339012E-01  0.778707E+07  0.773971E+07  0.000000E+00  0.000000E+00  0.000000E+00  0.777933E+07
  0.374666E-01  0.709767E+07  0.705079E+07  0.000000E+00  0.000000E+00  0.000000E+00  0.709001E+07
  0.414070E-01  0.642423E+07  0.637998E+07  0.000000E+00  0.000000E+00  0.000000E+00  0.641700E+07
  0.457618E-01  0.580454E+07  0.576516E+07  0.000000E+00  0.000000E+00  0.000000E+00  0.579811E+07
  0.505746E-01  0.529443E+07  0.526174E+07  0.000000E+00  0.000000E+00  0.000000E+00  0.528909E+07
  0.558936E-01  0.487192E+07  0.484677E+07  0.000000E+00  0.000000E+00  0.000000E+00  0.486782E+07
  0.617720E-01  0.448721E+07  0.446894E+07  0.000000E+00  0.000000E+00  0.000000E+00  0.448422E+07
  0.682686E-01  0.410183E+07  0.408812E+07  0.000000E+00  0.000000E+00  0.000000E+00  0.409959E+07
  0.754485E-01  0.370489E+07  0.369236E+07  0.000000E+00  0.000000E+00  0.000000E+00  0.370284E+07
  0.833835E-01  0.326894E+07  0.325473E+07  0.000000E+00  0.000000E+00  0.000000E+00  0.326662E+07
  0.921530E-01  0.282910E+07  0.281266E+07  0.000000E+00  0.000000E+00  0.000000E+00  0.282641E+07
  0.101845E+00  0.246042E+07  0.244414E+07  0.000000E+00  0.000000E+00  0.000000E+00  0.245776E+07
  0.112556E+00  0.219700E+07  0.218431E+07  0.000000E+00  0.000000E+00  0.000000E+00  0.219492E+07
  0.124393E+00  0.200154E+07  0.199330E+07  0.000000E+00  0.000000E+00  0.000000E+00  0.200019E+07
  0.137476E+00  0.178383E+07  0.177710E+07  0.000000E+00  0.000000E+00  0.000000E+00  0.178274E+07
  0.151935E+00  0.152513E+07  0.151709E+07  0.000000E+00  0.000000E+00  0.000000E+00  0.152381E+07
  0.167914E+00  0.131001E+07  0.130215E+07  0.000000E+00  0.000000E+00  0.000000E+00  0.130872E+07
  0.185573E+00  0.117446E+07  0.116911E+07  0.000000E+00  0.000000E+00  0.000000E+00  0.117359E+07
  0.205090E+00  0.103103E+07  0.102650E+07  0.000000E+00  0.000000E+00  0.000000E+00  0.103029E+07
  0.226660E+00  0.874948E+06  0.870089E+06  0.000000E+00  0.000000E+00  0.000000E+00  0.874155E+06
  0.250498E+00  0.770799E+06  0.767178E+06  0.000000E+00  0.000000E+00  0.000000E+00  0.770208E+06
  0.276843E+00  0.666376E+06  0.663114E+06  0.000000E+00  0.000000E+00  0.000000E+00  0.665843E+06
  0.305959E+00  0.573111E+06  0.570226E+06  0.000000E+00  0.000000E+00  0.000000E+00  0.572639E+06
  0.338137E+00  0.496893E+06  0.494487E+06  0.000000E+00  0.000000E+00  0.000000E+00  0.496500E+06
  0.373699E+00  0.426566E+06  0.424457E+06  0.000000E+00  0.000000E+00  0.000000E+00  0.426221E+06
  0.413001E+00  0.366847E+06  0.365032E+06  0.000000E+00  0.000000E+00  0.000000E+00  0.366551E+06
  0.456437E+00  0.315184E+06  0.313647E+06  0.000000E+00  0.000000E+00  0.000000E+00  0.314933E+06
  0.504441E+00  0.269829E+06  0.268501E+06  0.000000E+00  0.000000E+00  0.000000E+00  0.269612E+06
  0.557493E+00  0.230885E+06  0.229748E+06  0.000000E+00  0.000000E+00  0.000000E+00  0.230699E+06
  0.616125E+00  0.197313E+06  0.196344E+06  0.000000E+00  0.000000E+00  0.000000E+00  0.197155E+06
  0.680924E+00  0.168381E+06  0.167554E+06  0.000000E+00  0.000000E+00  0.000000E+00  0.168246E+06
  0.752537E+00  0.143508E+06  0.142804E+06  0.000000E+00  0.000000E+00  0.000000E+00  0.143393E+06
  0.831682E+00  0.122161E+06  0.121561E+06  0.000000E+00  0.000000E+00  0.000000E+00  0.122063E+06
  0.919150E+00  0.103869E+06  0.103359E+06  0.000000E+00  0.000000E+00  0.000000E+00  0.103785E+06
  0.101582E+01  0.882206E+05  0.877876E+05  0.000000E+00  0.000000E+00  0.000000E+00  0.881499E+05
  0.112265E+01  0.748515E+05  0.744842E+05  0.000000E+00  0.000000E+00  0.000000E+00  0.747915E+05
  0.124072E+01  0.634447E+05  0.631334E+05  0.000000E+00  0.000000E+00  0.000000E+00  0.633939E+05
  0.137121E+01  0.537249E+05  0.534613E+05  0.000000E+00  0.000000E+00  0.000000E+00  0.536819E+05
  0.151542E+01  0.454537E+05  0.452307E+05  0.000000E+00  0.000000E+00  0.000000E+00  0.454172E+05
  0.167480E+01  0.384214E+05  0.382329E+05  0.000000E+00  0.000000E+00  0.000000E+00  0.383906E+05
  0.185094E+01  0.324504E+05  0.322913E+05  0.000000E+00  0.000000E+00  0.000000E+00  0.324244E+05
  0.204561E+01  0.273859E+05  0.272516E+05  0.000000E+00  0.000000E+00  0.000000E+00  0.273640E+05
  0.226075E+01  0.230938E+05  0.229805E+05  0.000000E+00  0.000000E+00  0.000000E+00  0.230753E+05
  0.249851E+01  0.194603E+05  0.193649E+05  0.000000E+00  0.000000E+00  0.000000E+00  0.194447E+05
  0.276128E+01  0.163871E+05  0.163067E+05  0.000000E+00  0.000000E+00  0.000000E+00  0.163739E+05
  0.305169E+01  0.137898E+05  0.137221E+05  0.000000E+00  0.000000E+00  0.000000E+00  0.137787E+05
  0.337264E+01  0.115967E+05  0.115398E+05  0.000000E+00  0.000000E+00  0.000000E+00  0.115875E+05
  0.372734E+01  0.974636E+04  0.969852E+04  0.000000E+00  0.000000E+00  0.000000E+00  0.973854E+04
  0.411935E+01  0.818645E+04  0.814626E+04  0.000000E+00  0.000000E+00  0.000000E+00  0.817989E+04
  0.455258E+01  0.687219E+04  0.683844E+04  0.000000E+00  0.000000E+00  0.000000E+00  0.686668E+04
  0.503139E+01  0.576580E+04  0.573747E+04  0.000000E+00  0.000000E+00  0.000000E+00  0.576117E+04
  0.556054E+01  0.483496E+04  0.481119E+04  0.000000E+00  0.000000E+00  0.000000E+00  0.483108E+04
  0.614535E+01  0.405232E+04  0.403239E+04  0.000000E+00  0.000000E+00  0.000000E+00  0.404907E+04
  0.679166E+01  0.339472E+04  0.337800E+04  0.000000E+00  0.000000E+00  0.000000E+00  0.339199E+04
  0.750594E+01  0.284247E+04  0.282845E+04  0.000000E+00  0.000000E+00  0.000000E+00  0.284018E+04
  0.829535E+01  0.237897E+04  0.236723E+04  0.000000E+00  0.000000E+00  0.000000E+00  0.237705E+04
  0.916778E+01  0.199019E+04  0.198035E+04  0.000000E+00  0.000000E+00  0.000000E+00  0.198858E+04
  0.101320E+02  0.166423E+04  0.165598E+04  0.000000E+00  0.000000E+00  0.000000E+00  0.166288E+04
  0.111975E+02  0.139108E+04  0.138417E+04  0.000000E+00  0.000000E+00  0.000000E+00  0.138995E+04
  0.123752E+02  0.116230E+04  0.115651E+04  0.000000E+00  0.000000E+00  0.000000E+00  0.116136E+04
  0.136767E+02  0.970770E+03  0.965917E+03  0.000000E+00  0.000000E+00  0.000000E+00  0.969978E+03
  0.151151E+02  0.810502E+03  0.806432E+03  0.000000E+00  0.000000E+00  0.000000E+00  0.809838E+03
  0.167048E+02  0.676447E+03  0.673031E+03  0.000000E+00  0.000000E+00  0.000000E+00  0.675889E+03
  0.184616E+02  0.564367E+03  0.561498E+03  0.000000E+00  0.000000E+00  0.000000E+00  0.563898E+03
  0.204033E+02  0.470694E+03  0.468283E+03  0.000000E+00  0.000000E+00  0.000000E+00  0.470300E+03
  0.225491E+02  0.392438E+03  0.390408E+03  0.000000E+00  0.000000E+00  0.000000E+00  0.392107E+03
  0.249206E+02  0.327086E+03  0.325374E+03  0.000000E+00  0.000000E+00  0.000000E+00  0.326807E+03
  0.275415E+02  0.272529E+03  0.271082E+03  0.000000E+00  0.000000E+00  0.000000E+00  0.272293E+03
  0.304381E+02  0.227001E+03  0.225776E+03  0.000000E+00  0.000000E+00  0.000000E+00  0.226801E+03
  0.336393E+02  0.189020E+03  0.187979E+03  0.000000E+00  0.000000E+00  0.000000E+00  0.188850E+03
  0.371772E+02  0.157346E+03  0.156458E+03  0.000000E+00  0.000000E+00  0.000000E+00  0.157201E+03
  0.410871E+02  0.130939E+03  0.130179E+03  0.000000E+00  0.000000E+00  0.000000E+00  0.130815E+03
  0.454083E+02  0.108931E+03  0.108276E+03  0.000000E+00  0.000000E+00  0.000000E+00  0.108824E+03
  0.501839E+02  0.905940E+02  0.900270E+02  0.000000E+00  0.000000E+00  0.000000E+00  0.905014E+02
  0.554618E+02  0.753198E+02  0.748257E+02  0.000000E+00  0.000000E+00  0.000000E+00  0.752391E+02
  0.612948E+02  0.626007E+02  0.621671E+02  0.000000E+00  0.000000E+00  0.000000E+00  0.625299E+02
  0.677412E+02  0.520123E+02  0.516288E+02  0.000000E+00  0.000000E+00  0.000000E+00  0.519496E+02
  0.748657E+02  0.431995E+02  0.428576E+02  0.000000E+00  0.000000E+00  0.000000E+00  0.431437E+02
  0.827393E+02  0.358668E+02  0.355592E+02  0.000000E+00  0.000000E+00  0.000000E+00  0.358166E+02
  0.914411E+02  0.297669E+02  0.294876E+02  0.000000E+00  0.000000E+00  0.000000E+00  0.297213E+02
  0.101058E+03  0.246939E+02  0.244379E+02  0.000000E+00  0.000000E+00  0.000000E+00  0.246521E+02
  0.111686E+03  0.204756E+02  0.202391E+02  0.000000E+00  0.000000E+00  0.000000E+00  0.204370E+02
  0.123432E+03  0.169693E+02  0.167487E+02  0.000000E+00  0.000000E+00  0.000000E+00  0.169332E+02
  0.136414E+03  0.140551E+02  0.138478E+02  0.000000E+00  0.000000E+00  0.000000E+00  0.140212E+02
  0.150761E+03  0.116338E+02  0.114376E+02  0.000000E+00  0.000000E+00  0.000000E+00  0.116017E+02
  0.166617E+03  0.962244E+01  0.943566E+01  0.000000E+00  0.000000E+00  0.000000E+00  0.959193E+01
  0.184140E+03  0.795215E+01  0.777340E+01  0.000000E+00  0.000000E+00  0.000000E+00  0.792296E+01
  0.203506E+03  0.656553E+01  0.639380E+01  0.000000E+00  0.000000E+00  0.000000E+00  0.653748E+01
  0.224909E+03  0.541482E+01  0.524941E+01  0.000000E+00  0.000000E+00  0.000000E+00  0.538780E+01
  0.248563E+03  0.446032E+01  0.430081E+01  0.000000E+00  0.000000E+00  0.000000E+00  0.443427E+01
  0.274704E+03  0.366904E+01  0.351522E+01  0.000000E+00  0.000000E+00  0.000000E+00  0.364392E+01
  0.303595E+03  0.301357E+01  0.286545E+01  0.000000E+00  0.000000E+00  0.000000E+00  0.298938E+01
  0.335524E+03  0.247114E+01  0.232891E+01  0.000000E+00  0.000000E+00  0.000000E+00  0.244791E+01
  0.370812E+03  0.202280E+01  0.188680E+01  0.000000E+00  0.000000E+00  0.000000E+00  0.200059E+01
  0.409811E+03  0.165284E+01  0.152350E+01  0.000000E+00  0.000000E+00  0.000000E+00  0.163171E+01
  0.452911E+03  0.134819E+01  0.122599E+01  0.000000E+00  0.000000E+00  0.000000E+00  0.132823E+01
  0.500544E+03  0.109795E+01  0.983327E+00  0.000000E+00  0.000000E+00  0.000000E+00  0.107923E+01
  0.553186E+03  0.892980E+00  0.786286E+00  0.000000E+00  0.000000E+00  0.000000E+00  0.875553E+00
  0.611365E+03  0.725612E+00  0.627025E+00  0.000000E+00  0.000000E+00  0.000000E+00  0.709509E+00
  0.675663E+03  0.589359E+00  0.498845E+00  0.000000E+00  0.000000E+00  0.000000E+00  0.574575E+00
  0.746724E+03  0.478713E+00  0.396019E+00  0.000000E+00  0.000000E+00  0.000000E+00  0.465206E+00
  0.825258E+03  0.389003E+00  0.313697E+00  0.000000E+00  0.000000E+00  0.000000E+00  0.376703E+00
  0.912049E+03  0.316294E+00  0.247863E+00  0.000000E+00  0.000000E+00  0.000000E+00  0.305117E+00
  0.100797E+04  0.257326E+00  0.195278E+00  0.000000E+00  0.000000E+00  0.000000E+00  0.247191E+00
